30 120
0 1
0 3
0 4
0 6
0 19
0 20
0 20
0 20
0 20
0 20
0 24
1 4
1 4
1 4
1 4
1 4
1 10
1 10
1 10
1 14
1 17
1 18
1 20
1 20
1 20
1 20
1 20
1 27
1 29
2 8
2 8
2 8
2 9
2 11
2 14
2 14
2 14
2 14
2 15
2 21
2 22
2 23
3 4
3 11
3 12
3 16
3 21
3 21
3 21
3 22
3 22
3 26
4 7
4 11
4 12
4 19
4 27
4 27
5 14
5 17
5 21
5 27
5 29
5 29
6 15
6 15
6 15
6 16
6 21
6 24
6 25
6 26
6 26
6 26
6 26
7 13
7 17
7 21
7 22
7 26
7 27
8 9
8 10
8 14
8 19
8 20
8 22
8 22
8 22
8 22
8 26
8 29
9 11
9 11
9 11
9 11
9 14
9 14
9 14
9 16
9 17
9 17
9 17
9 17
9 18
9 24
9 24
9 24
9 24
9 25
9 26
9 29
10 16
10 25
11 14
11 14
11 14
11 14
11 17
11 23
11 27
12 15
12 17
12 25
13 14
13 17
13 18
13 19
13 23
13 23
13 23
13 24
13 24
13 24
13 24
13 26
13 29
14 20
14 25
14 27
15 16
15 17
15 25
15 26
15 28
16 18
16 20
16 22
16 26
16 28
16 28
16 28
16 28
16 28
17 20
17 22
17 22
17 22
17 22
17 26
18 24
18 27
19 20
19 21
19 27
20 22
20 25
20 25
20 25
20 25
20 25
20 26
20 29
21 22
21 24
21 24
21 24
21 29
21 29
21 29
22 24
22 25
22 27
23 24
23 24
23 24
23 27
24 29
